                                        
                                        
                                        
                                        
                                        
                                        
  111111                00111111        
 11111111                11111111       
                                        
             11111111                   
              111111                    
                                        
                                        
                                        
                                        
                                        