0000000000000000000000000000000011111111
0000000000000000000000000000001100000000
0000000000000000000000000000110000000000
0000000000000000000000000011000000000000
0000000000000000000000000100000000000000
0000000000000000000000001000000000000000
0000000000000000000000010000000000000000
0000000000000000000000100000000000000000
0000000000000000000001000000000000000000
0000000000000000000010000000000000000000
0000000000000000000100000000000000000000
0000000000000000001000000000000000000000
0000000000000000010000000000000000000000
0000000000000000100000000000000000000000
0000000000000001000000000000000000000000
1111111111111110000000000000000000000000